10705
10000623 100 100
10016072 100 100
10019726 100 100
10021245 100 100
10022531 100 100
10026054 100 100
10029726 100 100
10030452 100 100
10038960 100 100
10040404 100 100
10056078 100 100
10061984 100 100
10063991 100 100
10067921 100 100
10078367 100 100
10091945 100 100
10092473 100 100
10047332 100 99
10049565 100 99
10058877 100 99
10060135 100 99
10065364 100 99
10066789 100 99
10095086 100 99
10003375 99 100
10010328 99 100
10016616 99 100
10027895 99 100
10028184 99 100
10035458 99 100
10064962 99 100
10077879 99 100
10079775 99 100
10089640 99 100
10090919 99 100
10094321 99 100
10004076 100 98
10009856 100 98
10038525 100 98
10042501 100 98
10053789 100 98
10062334 100 98
10064135 100 98
10068022 100 98
10069443 100 98
10087480 100 98
10016190 99 99
10019698 99 99
10028502 99 99
10034095 99 99
10035210 99 99
10049768 99 99
10063294 99 99
10071306 99 99
10071817 99 99
10085961 99 99
10088048 99 99
10038743 98 100
10044075 98 100
10052310 98 100
10061769 98 100
10084883 98 100
10089535 98 100
10093167 98 100
10094774 98 100
10011825 100 97
10021203 100 97
10023528 100 97
10045219 100 97
10066483 100 97
10078092 100 97
10085802 100 97
10087502 100 97
10004165 99 98
10004174 99 98
10045945 99 98
10064276 99 98
10066674 99 98
10067196 99 98
10069646 99 98
10076768 99 98
10094215 99 98
10001409 98 99
10012514 98 99
10027881 98 99
10043159 98 99
10043210 98 99
10089493 98 99
10089935 98 99
10013568 97 100
10022681 97 100
10025300 97 100
10027772 97 100
10031252 97 100
10066063 97 100
10073161 97 100
10079156 97 100
10083181 97 100
10084424 97 100
10094807 97 100
10096848 97 100
10099828 97 100
10002631 100 96
10002678 100 96
10006952 100 96
10013693 100 96
10017526 100 96
10024516 100 96
10035731 100 96
10041357 100 96
10046200 100 96
10054211 100 96
10055742 100 96
10066812 100 96
10097161 100 96
10098277 100 96
10099724 100 96
10000189 99 97
10003349 99 97
10003750 99 97
10007879 99 97
10016759 99 97
10027089 99 97
10044217 99 97
10046030 99 97
10050622 99 97
10083830 99 97
10005115 98 98
10014544 98 98
10029217 98 98
10033684 98 98
10038681 98 98
10058276 98 98
10065350 98 98
10065524 98 98
10087774 98 98
10088305 98 98
10089013 98 98
10089800 98 98
10091738 98 98
10010953 97 99
10025771 97 99
10027059 97 99
10031711 97 99
10045227 97 99
10056824 97 99
10088268 97 99
10094790 97 99
10000619 96 100
10006223 96 100
10013308 96 100
10035061 96 100
10049449 96 100
10073085 96 100
10079052 96 100
10007374 100 95
10026353 100 95
10039029 100 95
10039096 100 95
10042689 100 95
10047119 100 95
10049258 100 95
10063731 100 95
10066035 100 95
10067335 100 95
10077345 100 95
10079693 100 95
10084379 100 95
10087078 100 95
10005685 99 96
10021957 99 96
10028641 99 96
10035872 99 96
10038484 99 96
10060267 99 96
10078888 99 96
10079248 99 96
10006554 98 97
10022289 98 97
10027718 98 97
10047145 98 97
10070241 98 97
10072475 98 97
10073740 98 97
10077476 98 97
10083057 98 97
10086461 98 97
10099330 98 97
10001934 97 98
10002704 97 98
10003162 97 98
10011144 97 98
10019602 97 98
10040596 97 98
10049823 97 98
10055936 97 98
10056386 97 98
10057500 97 98
10072646 97 98
10084063 97 98
10092173 97 98
10095305 97 98
10019185 96 99
10021540 96 99
10023258 96 99
10038632 96 99
10039227 96 99
10040526 96 99
10061729 96 99
10062074 96 99
10073489 96 99
10092407 96 99
10001352 95 100
10004281 95 100
10029597 95 100
10032622 95 100
10046846 95 100
10049973 95 100
10053476 95 100
10062630 95 100
10069316 95 100
10087686 95 100
10090366 95 100
10094034 95 100
10001835 100 94
10034449 100 94
10040417 100 94
10047513 100 94
10048620 100 94
10052508 100 94
10059176 100 94
10063972 100 94
10074237 100 94
10076468 100 94
10030481 99 95
10031209 99 95
10042667 99 95
10045737 99 95
10046898 99 95
10048401 99 95
10065366 99 95
10065755 99 95
10071764 99 95
10072891 99 95
10074207 99 95
10081098 99 95
10094859 99 95
10020082 98 96
10027207 98 96
10032980 98 96
10034324 98 96
10034858 98 96
10044827 98 96
10050589 98 96
10057666 98 96
10063965 98 96
10074085 98 96
10080483 98 96
10081388 98 96
10087870 98 96
10089247 98 96
10010315 97 97
10024129 97 97
10035088 97 97
10046984 97 97
10048554 97 97
10066543 97 97
10085937 97 97
10096338 97 97
10007841 96 98
10020288 96 98
10029036 96 98
10033111 96 98
10042681 96 98
10052971 96 98
10056766 96 98
10065800 96 98
10071521 96 98
10095195 96 98
10007519 95 99
10017793 95 99
10025572 95 99
10040265 95 99
10044397 95 99
10045808 95 99
10056586 95 99
10064352 95 99
10065449 95 99
10071422 95 99
10077465 95 99
10082528 95 99
10000085 94 100
10028462 94 100
10039940 94 100
10050149 94 100
10061177 94 100
10068087 94 100
10095149 94 100
10006491 100 93
10012532 100 93
10020850 100 93
10024864 100 93
10029632 100 93
10079408 100 93
10094158 100 93
10094533 100 93
10004957 99 94
10011119 99 94
10013767 99 94
10014153 99 94
10056037 99 94
10063718 99 94
10064587 99 94
10073362 99 94
10073778 99 94
10097241 99 94
10002932 98 95
10024236 98 95
10035665 98 95
10045370 98 95
10055459 98 95
10055913 98 95
10062872 98 95
10094160 98 95
10003147 97 96
10006881 97 96
10006904 97 96
10015568 97 96
10025362 97 96
10029325 97 96